#BVGraph properties
#Tue Nov 08 15:28:00 CET 2011
compratio=0.309
bitsforblocks=99998985
residualarcs=95553448
version=0
zetak=3
residualexpstats=9757971,9264534,10509511,10782983,9622786,7901468,6295991,5097515,4324359,3813909,3329722,2937064,2592019,2313969,2007166,1596672,1236294,868657,517328,345800,221545,216185
avgref=10.551
residualavggap=20820.610
avgbitsforoutdegrees=9.771
windowsize=16
bitsforintervals=67229273
copiedarcs=107100836
avgbitsforblocks=45.855
bitsperlink=4.885
bitsforresiduals=924354627
bitsforreferences=5634143
avgdist=1.673
successoravgloggap=4.191894563528933
avgbitsforreferences=2.584
successoravggap=18107.893
maxrefcount=2147483647
successorexpstats=101212083,19532729,15866711,14059742,12193590,10365719,8695016,7297943,6257758,5411536,4562149,3990988,3560225,3289983,3059936,2618304,2239150,1789712,1178849,864483,520243,418783
nodes=2180759
compressionflags=
intervalisedarcs=26331348
bitspernode=512.906
arcs=228985632
bitsforoutdegrees=21308431
avgbitsforintervals=30.828
minintervallength=4
graphclass=it.unimi.dsi.webgraph.BVGraph
avgbitsforresiduals=423.868
residualavgloggap=6.128411180914467
